

NORMAL BITBOARD - LITTLE ENDIAN 

56 57 58 59 60 61 62 63
48 49 50 51 52 53 54 55
40 41 42 43 44 45 46 47 
32 33 34 35 36 37 38 39
24 25 26 27 28 29 30 31
16 17 18 19 20 21 22 23
08 09 10 11 12 13 14 15
00 01 02 03 04 05 06 07

--------------------------

ROTATED BITBOARD

07 15 23 31 39 47 55 63
06 14 22 30 38 46 54 62
05 13 21 29 37 45 53 61
04 12 20 28 36 44 52 60
03 11 19 27 35 43 51 59
02 10 18 26 34 42 50 58
01 09 17 25 33 41 49 57 
00 08 16 24 32 40 48 56 

--------------------------

DIAGONAL BITBOARD (rotated clockwise 45 degrees) 

56
48 57
40 49 58
32 41 50 59
24 33 42 51 60
16 25 34 43 52 61
08 17 26 35 44 53 62
00 09 18 27 36 45 54 63
01 10 19 28 37 46 55 
02 11 20 29 38 47 
03 12 21 30 39
04 13 22 31
05 14 23
06 15
07

->

07 06 15 05 14 23 04 13 22 31 03 12 21 30 39 02 11 20 29 38 47 01 10 19 28 37 46 55 00 09 18 27 36 45 54 63 08 17 26 35 44 53 62 16 25 34 43 52 61 24 33 42 51 60 32 41 50 59 40 49 58 48 57 56

Where least significant bit is 07 and the largest is 56 

--------------------------

Diagonal shift numbers 

63
61 61
58 58 58 
54 54 54 54
49 49 49 49 49
43 43 43 43 43 43
36 36 36 36 36 36 36
28 28 28 28 28 28 28 28 
21 21 21 21 21 21 21
15 15 15 15 15 15
10 10 10 10 10
06 06 06 06
03 03 03
01 01
00
->
00 01 01 03 03 03 06 06 06 06 10 10 10 10 10 15 15 15 15 15 15 21 21 21 21 21 21 21 28 28 28 28 28 28 28 28 36 36 36 36 36 36 36 43 43 43 43 43 43 49 49 49 49 49 54 54 54 54 58 58 58 61 61 63

Translated back to normal coordinates, the shift factors are the following: 

28, 21, 15, 10, 6, 3, 1, 0, 36, 28, 21, 15, 10, 6, 3, 1, 43, 36, 28, 21, 15, 10, 6, 3, 49, 43, 36, 28, 21, 15, 10, 6, 54, 49, 43, 36, 28, 21, 15, 10, 58, 54, 49, 43, 36, 28, 21, 15, 61, 58, 54, 49, 43, 36, 28, 21, 63, 61, 58, 54, 49, 43, 36, 28

--------------------------

 